No seek no mulligan:
{'p': [1.67854, 1.91796, 2.15817, 2.39783, 2.63861, 2.87893, 3.11913, 3.36011, 3.60116, 3.84223, 4.08331], 'f': [0.84009, 0.95909, 1.07906, 1.1978, 1.31805, 1.44005, 1.56154, 1.68063, 1.80052, 1.92096, 2.04076], 'j': [0.0, 0.0, 0.0, 0.0, 0.0, 0.0, 0.0, 0.0, 0.0, 0.0, 0.0], 's': [1.39649, 1.59373, 1.7938, 1.99258, 2.19539, 2.39431, 2.59318, 2.79443, 2.99618, 3.19745, 3.39764], 't': [0.0, 0.0, 0.0, 0.0, 0.0, 0.0, 0.0, 0.0, 0.0, 0.0, 0.0], 'total': [2.42466, 2.76893, 3.11591, 3.46152, 3.80985, 4.15789, 4.5048, 4.85192, 5.20015, 5.549, 5.89738]}

{'p': [0.86575, 0.90211, 0.92794, 0.94736, 0.96252, 0.97314, 0.98051, 0.98621, 0.98999, 0.99301, 0.99509], 'f': [0.60908, 0.66046, 0.70663, 0.7467, 0.78182, 0.81328, 0.84037, 0.86329, 0.8834, 0.90044, 0.91594], 'j': [0.0, 0.0, 0.0, 0.0, 0.0, 0.0, 0.0, 0.0, 0.0, 0.0, 0.0], 's': [0.80333, 0.84708, 0.88209, 0.90915, 0.92968, 0.94559, 0.95837, 0.96779, 0.97575, 0.98179, 0.9866], 't': [0.0, 0.0, 0.0, 0.0, 0.0, 0.0, 0.0, 0.0, 0.0, 0.0, 0.0], 'total': [0.95578, 0.97279, 0.98341, 0.98969, 0.99395, 0.99666, 0.99808, 0.9988, 0.99932, 0.99961, 0.99978]}

{'p': [0.53694, 0.6188, 0.69125, 0.75159, 0.80314, 0.84553, 0.88008, 0.90808, 0.92973, 0.94687, 0.95996], 'f': [0.19469, 0.24296, 0.29247, 0.34177, 0.39176, 0.44069, 0.48894, 0.53369, 0.57718, 0.6185, 0.65637], 'j': [0.0, 0.0, 0.0, 0.0, 0.0, 0.0, 0.0, 0.0, 0.0, 0.0, 0.0], 's': [0.42772, 0.50406, 0.57532, 0.64091, 0.70013, 0.75078, 0.79461, 0.83151, 0.86321, 0.89045, 0.91225], 't': [0.0, 0.0, 0.0, 0.0, 0.0, 0.0, 0.0, 0.0, 0.0, 0.0, 0.0], 'total': [0.77311, 0.84084, 0.89083, 0.92582, 0.95092, 0.96827, 0.97996, 0.98758, 0.99222, 0.99515, 0.99705]}

[0.03627, 0.07284, 0.12539, 0.19054, 0.26598, 0.34777, 0.43059, 0.5108, 0.58783, 0.65825, 0.71929]

Seek no mulligan:

{'p': [1.88191, 2.13535, 2.38907, 2.64085, 2.89494, 3.14853, 3.40029, 3.65164, 3.9056, 4.15821, 4.41279], 'f': [0.92279, 1.0612, 1.20137, 1.34225, 1.48195, 1.62345, 1.76411, 1.9028, 2.04136, 2.17946, 2.31816], 'j': [0.0, 0.0, 0.0, 0.0, 0.0, 0.0, 0.0, 0.0, 0.0, 0.0, 0.0], 's': [1.48715, 1.70297, 1.92033, 2.1374, 2.35288, 2.57225, 2.78768, 3.00328, 3.21846, 3.43492, 3.65302], 't': [0.0, 0.0, 0.0, 0.0, 0.0, 0.0, 0.0, 0.0, 0.0, 0.0, 0.0], 'total': [2.7931, 3.18845, 3.58457, 3.97996, 4.37426, 4.77182, 5.16613, 5.55778, 5.95082, 6.34296, 6.73757]}

{'p': [0.92229, 0.94635, 0.96381, 0.97581, 0.98384, 0.98966, 0.99343, 0.99574, 0.99741, 0.99825, 0.99895], 'f': [0.66258, 0.72098, 0.7704, 0.81268, 0.84717, 0.87714, 0.90117, 0.92064, 0.93749, 0.94992, 0.96066], 'j': [0.0, 0.0, 0.0, 0.0, 0.0, 0.0, 0.0, 0.0, 0.0, 0.0, 0.0], 's': [0.84456, 0.88625, 0.91743, 0.93936, 0.95607, 0.96893, 0.97812, 0.9844, 0.98937, 0.99256, 0.99503], 't': [0.0, 0.0, 0.0, 0.0, 0.0, 0.0, 0.0, 0.0, 0.0, 0.0, 0.0], 'total': [0.97742, 0.98674, 0.99286, 0.99623, 0.99782, 0.99879, 0.99937, 0.99971, 0.99985, 0.99992, 0.99996]}

{'p': [0.62146, 0.70571, 0.77403, 0.82824, 0.87195, 0.90563, 0.93174, 0.95148, 0.96625, 0.97659, 0.98439], 'f': [0.22016, 0.27753, 0.33922, 0.40064, 0.46118, 0.51989, 0.57561, 0.62728, 0.67436, 0.71738, 0.75675], 'j': [0.0, 0.0, 0.0, 0.0, 0.0, 0.0, 0.0, 0.0, 0.0, 0.0, 0.0], 's': [0.46287, 0.54742, 0.62694, 0.69685, 0.75646, 0.80732, 0.84895, 0.88399, 0.91157, 0.93338, 0.95058], 't': [0.0, 0.0, 0.0, 0.0, 0.0, 0.0, 0.0, 0.0, 0.0, 0.0, 0.0], 'total': [0.8534, 0.90579, 0.94108, 0.96294, 0.97773, 0.98703, 0.99252, 0.99584, 0.99764, 0.99857, 0.9993]}

[0.07203, 0.1368, 0.21796, 0.31235, 0.41176, 0.51063, 0.6008, 0.68119, 0.75139, 0.81027, 0.85765]

Seek Mulligan:


{'p': [2.17695, 2.43116, 2.68233, 2.93837, 3.19316, 3.44816, 3.70255, 3.956, 4.21003, 4.46353, 4.71382], 'f': [1.16597, 1.299, 1.434, 1.56941, 1.70305, 1.83624, 1.97097, 2.10579, 2.23801, 2.37027, 2.50191], 'j': [0.0, 0.0, 0.0, 0.0, 0.0, 0.0, 0.0, 0.0, 0.0, 0.0, 0.0], 's': [1.82977, 2.04465, 2.25926, 2.47839, 2.69231, 2.91096, 3.12698, 3.34366, 3.56112, 3.77831, 3.99438], 't': [0.0, 0.0, 0.0, 0.0, 0.0, 0.0, 0.0, 0.0, 0.0, 0.0, 0.0], 'total': [3.32881, 3.72149, 4.11193, 4.50848, 4.89924, 5.29267, 5.68365, 6.07526, 6.46475, 6.85446, 7.24085]}

{'p': [0.97485, 0.98209, 0.98748, 0.99117, 0.99404, 0.99597, 0.99734, 0.99808, 0.99878, 0.99909, 0.99943], 'f': [0.80001, 0.8338, 0.86285, 0.88649, 0.90682, 0.92365, 0.93785, 0.95012, 0.95962, 0.96761, 0.97434], 'j': [0.0, 0.0, 0.0, 0.0, 0.0, 0.0, 0.0, 0.0, 0.0, 0.0, 0.0], 's': [0.94295, 0.95747, 0.96803, 0.97683, 0.98255, 0.9873, 0.99072, 0.99353, 0.99523, 0.99656, 0.9976], 't': [0.0, 0.0, 0.0, 0.0, 0.0, 0.0, 0.0, 0.0, 0.0, 0.0, 0.0], 'total': [1.0, 1.0, 1.0, 1.0, 1.0, 1.0, 1.0, 1.0, 1.0, 1.0, 1.0]}

{'p': [0.78971, 0.84263, 0.88135, 0.91235, 0.93581, 0.95385, 0.96675, 0.97661, 0.98342, 0.98827, 0.99159], 'f': [0.31619, 0.3802, 0.44202, 0.50202, 0.55696, 0.60702, 0.65506, 0.69909, 0.73729, 0.77293, 0.80389], 'j': [0.0, 0.0, 0.0, 0.0, 0.0, 0.0, 0.0, 0.0, 0.0, 0.0, 0.0], 's': [0.64229, 0.71127, 0.76972, 0.81782, 0.85664, 0.88828, 0.91317, 0.93422, 0.94968, 0.96224, 0.97155], 't': [0.0, 0.0, 0.0, 0.0, 0.0, 0.0, 0.0, 0.0, 0.0, 0.0, 0.0], 'total': [1.0, 1.0, 1.0, 1.0, 1.0, 1.0, 1.0, 1.0, 1.0, 1.0, 1.0]}

[0.08352, 0.20545, 0.32669, 0.4455, 0.55325, 0.64918, 0.72933, 0.79457, 0.84435, 0.88426, 0.91461]

Extra power mulligan:

{'p': [1.89516, 2.14741, 2.39779, 2.64777, 2.89969, 3.15081, 3.40303, 3.65249, 3.90339, 4.15536, 4.4075], 'f': [1.00379, 1.13557, 1.26632, 1.39651, 1.52749, 1.65748, 1.7875, 1.91664, 2.04523, 2.17443, 2.30256], 'j': [0.0, 0.0, 0.0, 0.0, 0.0, 0.0, 0.0, 0.0, 0.0, 0.0, 0.0], 's': [1.70127, 1.92824, 2.15467, 2.38017, 2.60769, 2.83168, 3.05705, 3.28204, 3.50669, 3.73372, 3.96227], 't': [0.0, 0.0, 0.0, 0.0, 0.0, 0.0, 0.0, 0.0, 0.0, 0.0, 0.0], 'total': [3.00046, 3.40081, 3.79827, 4.19401, 4.59259, 4.98791, 5.38449, 5.77915, 6.17423, 6.57081, 6.96904]}

{'p': [0.93871, 0.95436, 0.96601, 0.97486, 0.98187, 0.98665, 0.99019, 0.99293, 0.99494, 0.99643, 0.99742], 'f': [0.7035, 0.74314, 0.7784, 0.80957, 0.83556, 0.85903, 0.8788, 0.89594, 0.911, 0.92436, 0.93518], 'j': [0.0, 0.0, 0.0, 0.0, 0.0, 0.0, 0.0, 0.0, 0.0, 0.0, 0.0], 's': [0.90869, 0.9301, 0.9465, 0.95926, 0.96884, 0.97635, 0.98231, 0.98658, 0.99004, 0.99236, 0.99429], 't': [0.0, 0.0, 0.0, 0.0, 0.0, 0.0, 0.0, 0.0, 0.0, 0.0, 0.0], 'total': [1.0, 1.0, 1.0, 1.0, 1.0, 1.0, 1.0, 1.0, 1.0, 1.0, 1.0]}

{'p': [0.65334, 0.7259, 0.78391, 0.82988, 0.86789, 0.89726, 0.92154, 0.94049, 0.95518, 0.96659, 0.97525], 'f': [0.2555, 0.31491, 0.37041, 0.42433, 0.47622, 0.52442, 0.57004, 0.61256, 0.65223, 0.68766, 0.72186], 'j': [0.0, 0.0, 0.0, 0.0, 0.0, 0.0, 0.0, 0.0, 0.0, 0.0, 0.0], 's': [0.57008, 0.64722, 0.71226, 0.76603, 0.8114, 0.8481, 0.87878, 0.90344, 0.92356, 0.94026, 0.95347], 't': [0.0, 0.0, 0.0, 0.0, 0.0, 0.0, 0.0, 0.0, 0.0, 0.0, 0.0], 'total': [1.0, 1.0, 1.0, 1.0, 1.0, 1.0, 1.0, 1.0, 1.0, 1.0, 1.0]}

[0.0, 0.09769, 0.19995, 0.30853, 0.41532, 0.51491, 0.60503, 0.68152, 0.74585, 0.79929, 0.84197]

