haunted highway

no mulligan:
{'p': [1.02829, 1.17595, 1.32289, 1.46987, 1.61627, 1.76314, 1.9095, 2.05822, 2.20579, 2.351, 2.49717], 'f': [1.6815, 1.92186, 2.16051, 2.40216, 2.64372, 2.88326, 3.12114, 3.36111, 3.60235, 3.84162, 4.08162], 'j': [0.0, 0.0, 0.0, 0.0, 0.0, 0.0, 0.0, 0.0, 0.0, 0.0, 0.0], 's': [1.40047, 1.6021, 1.8015, 2.00214, 2.20188, 2.40126, 2.60026, 2.80087, 3.00142, 3.20049, 3.3981], 't': [0.0, 0.0, 0.0, 0.0, 0.0, 0.0, 0.0, 0.0, 0.0, 0.0, 0.0], 'total': [2.33446, 2.66884, 3.00112, 3.33609, 3.67005, 4.00262, 4.3337, 4.66769, 5.0026, 5.33478, 5.66641]}

{'p': [0.68647, 0.73715, 0.78039, 0.81747, 0.84852, 0.87454, 0.89622, 0.91508, 0.93072, 0.94341, 0.95398], 'f': [0.86748, 0.9024, 0.92808, 0.94778, 0.96227, 0.97258, 0.98026, 0.98579, 0.98989, 0.99303, 0.9951], 'j': [0.0, 0.0, 0.0, 0.0, 0.0, 0.0, 0.0, 0.0, 0.0, 0.0, 0.0], 's': [0.80586, 0.84926, 0.88216, 0.90899, 0.93032, 0.94694, 0.95978, 0.96946, 0.97719, 0.98323, 0.98715], 't': [0.0, 0.0, 0.0, 0.0, 0.0, 0.0, 0.0, 0.0, 0.0, 0.0, 0.0], 'total': [0.95038, 0.96861, 0.98006, 0.98764, 0.99248, 0.99553, 0.99734, 0.99828, 0.99891, 0.99934, 0.99956]}

{'p': [0.27267, 0.33405, 0.39446, 0.45423, 0.5103, 0.56283, 0.61277, 0.65999, 0.70124, 0.73821, 0.77305], 'f': [0.53811, 0.62229, 0.69337, 0.75369, 0.80433, 0.84601, 0.87916, 0.90735, 0.92943, 0.94615, 0.9598], 'j': [0.0, 0.0, 0.0, 0.0, 0.0, 0.0, 0.0, 0.0, 0.0, 0.0, 0.0], 's': [0.42679, 0.50377, 0.57576, 0.64134, 0.69809, 0.74852, 0.79271, 0.82991, 0.86119, 0.88807, 0.90997], 't': [0.0, 0.0, 0.0, 0.0, 0.0, 0.0, 0.0, 0.0, 0.0, 0.0, 0.0], 'total': [0.7497, 0.82086, 0.87304, 0.91176, 0.93971, 0.95909, 0.97337, 0.98232, 0.98884, 0.99272, 0.99533]}

highwayman:[0.13405, 0.20792, 0.28976, 0.3787, 0.46604, 0.54895, 0.62349, 0.69223, 0.75, 0.80047, 0.84273]
full influence: [0.12432, 0.19301, 0.27027, 0.35357, 0.43697, 0.51799, 0.59305, 0.66219, 0.72341, 0.77603, 0.81989]
2p full: [0.08081, 0.12971, 0.18766, 0.2526, 0.32007, 0.38804, 0.45639, 0.52052, 0.58179, 0.63836, 0.68931]

mulligan:

{'p': [1.31976, 1.46752, 1.61112, 1.7588, 1.90176, 2.04814, 2.19343, 2.33671, 2.48251, 2.62759, 2.77137], 'f': [2.15974, 2.40179, 2.63879, 2.88099, 3.11875, 3.35901, 3.59864, 3.83927, 4.07872, 4.32025, 4.55909], 'j': [0.0, 0.0, 0.0, 0.0, 0.0, 0.0, 0.0, 0.0, 0.0, 0.0, 0.0], 's': [1.79674, 1.99584, 2.19285, 2.39101, 2.58982, 2.78928, 2.98594, 3.18411, 3.38271, 3.58152, 3.77976], 't': [0.0, 0.0, 0.0, 0.0, 0.0, 0.0, 0.0, 0.0, 0.0, 0.0, 0.0], 'total': [2.9982, 3.3326, 3.66086, 3.99425, 4.32376, 4.65692, 4.98824, 5.31977, 5.65091, 5.98393, 6.31401]}

{'p': [0.81819, 0.84578, 0.86882, 0.88913, 0.90594, 0.92085, 0.93341, 0.94402, 0.95298, 0.96037, 0.96695], 'f': [0.9711, 0.97827, 0.98362, 0.98779, 0.99083, 0.99285, 0.99466, 0.99608, 0.99719, 0.99804, 0.99865], 'j': [0.0, 0.0, 0.0, 0.0, 0.0, 0.0, 0.0, 0.0, 0.0, 0.0, 0.0], 's': [0.92469, 0.93926, 0.95145, 0.9611, 0.96986, 0.97645, 0.98147, 0.98555, 0.9887, 0.99162, 0.99372], 't': [0.0, 0.0, 0.0, 0.0, 0.0, 0.0, 0.0, 0.0, 0.0, 0.0, 0.0], 'total': [1.0, 1.0, 1.0, 1.0, 1.0, 1.0, 1.0, 1.0, 1.0, 1.0, 1.0]}

{'p': [0.40012, 0.46195, 0.51804, 0.56995, 0.61752, 0.66189, 0.70173, 0.7386, 0.77138, 0.80046, 0.8259], 'f': [0.76058, 0.81076, 0.85119, 0.88439, 0.90996, 0.93115, 0.9473, 0.95918, 0.96878, 0.97621, 0.98215], 'j': [0.0, 0.0, 0.0, 0.0, 0.0, 0.0, 0.0, 0.0, 0.0, 0.0, 0.0], 's': [0.61216, 0.67548, 0.72726, 0.77313, 0.81156, 0.84481, 0.87234, 0.89529, 0.91459, 0.93085, 0.94423], 't': [0.0, 0.0, 0.0, 0.0, 0.0, 0.0, 0.0, 0.0, 0.0, 0.0, 0.0], 'total': [1.0, 1.0, 1.0, 1.0, 1.0, 1.0, 1.0, 1.0, 1.0, 1.0, 1.0]}

highwayman: [0.26427, 0.36342, 0.46376, 0.55821, 0.64131, 0.71143, 0.77179, 0.8204, 0.8598, 0.89019, 0.91441]
full influence: [0.23717, 0.32907, 0.42267, 0.51485, 0.59688, 0.66992, 0.73152, 0.78294, 0.82458, 0.85892, 0.88725]
2p full : [0.1446, 0.21599, 0.29272, 0.36947, 0.4416, 0.50897, 0.57301, 0.63099, 0.68157, 0.72687, 0.7664]

simple mulligan strategy
{'p': [1.41093, 1.55368, 1.69567, 1.8375, 1.98057, 2.12306, 2.26511, 2.40578, 2.54751, 2.68816, 2.83029], 'f': [2.08194, 2.32054, 2.55788, 2.79377, 3.031, 3.27013, 3.50426, 3.74006, 3.97896, 4.21722, 4.45277], 'j': [0.0, 0.0, 0.0, 0.0, 0.0, 0.0, 0.0, 0.0, 0.0, 0.0, 0.0], 's': [1.78318, 1.98283, 2.17814, 2.37548, 2.57162, 2.76732, 2.95993, 3.15598, 3.35335, 3.54898, 3.74529], 't': [0.0, 0.0, 0.0, 0.0, 0.0, 0.0, 0.0, 0.0, 0.0, 0.0, 0.0], 'total': [2.94999, 3.28072, 3.6072, 3.9351, 4.26293, 4.59204, 4.91626, 5.24237, 5.57138, 5.89873, 6.22562]}

{'p': [0.90598, 0.92012, 0.93226, 0.9427, 0.95131, 0.95913, 0.96536, 0.97061, 0.97595, 0.98002, 0.98304], 'f': [0.98522, 0.98872, 0.99135, 0.9936, 0.99514, 0.99653, 0.99736, 0.99798, 0.99858, 0.99898, 0.99925], 'j': [0.0, 0.0, 0.0, 0.0, 0.0, 0.0, 0.0, 0.0, 0.0, 0.0, 0.0], 's': [0.9619, 0.96965, 0.97552, 0.98086, 0.9849, 0.98804, 0.9907, 0.99245, 0.99412, 0.99524, 0.99634], 't': [0.0, 0.0, 0.0, 0.0, 0.0, 0.0, 0.0, 0.0, 0.0, 0.0, 0.0], 'total': [1.0, 1.0, 1.0, 1.0, 1.0, 1.0, 1.0, 1.0, 1.0, 1.0, 1.0]}

{'p': [0.40824, 0.48081, 0.54563, 0.60382, 0.65558, 0.70152, 0.74184, 0.77637, 0.80711, 0.83369, 0.85784], 'f': [0.71897, 0.78511, 0.83686, 0.8763, 0.90572, 0.92831, 0.94555, 0.95972, 0.97035, 0.9778, 0.98376], 'j': [0.0, 0.0, 0.0, 0.0, 0.0, 0.0, 0.0, 0.0, 0.0, 0.0, 0.0], 's': [0.59123, 0.66717, 0.72976, 0.78064, 0.82246, 0.85849, 0.88548, 0.9087, 0.9275, 0.94231, 0.95496], 't': [0.0, 0.0, 0.0, 0.0, 0.0, 0.0, 0.0, 0.0, 0.0, 0.0, 0.0], 'total': [1.0, 1.0, 1.0, 1.0, 1.0, 1.0, 1.0, 1.0, 1.0, 1.0, 1.0]}

full influence: [0.21143, 0.32188, 0.43094, 0.53261, 0.62141, 0.69861, 0.7605, 0.81202, 0.85396, 0.88581, 0.91186]

Manus power base:

{'p': [1.43645, 1.61455, 1.78349, 1.94709, 2.10728, 2.26744, 2.42757, 2.58455, 2.74324, 2.90164, 3.05806], 'f': [1.67552, 1.99333, 2.22069, 2.41335, 2.59815, 2.78421, 2.96901, 3.15243, 3.33604, 3.51923, 3.7016], 'j': [0.0, 0.0, 0.0, 0.0, 0.0, 0.0, 0.0, 0.0, 0.0, 0.0, 0.0], 's': [1.43686, 1.88109, 2.11321, 2.2839, 2.4427, 2.60332, 2.76436, 2.92023, 3.07911, 3.23811, 3.39517], 't': [0.0, 0.0, 0.0, 0.0, 0.0, 0.0, 0.0, 0.0, 0.0, 0.0, 0.0], 'total': [2.99828, 3.34697, 3.67623, 4.00957, 4.34164, 4.67457, 5.00773, 5.33558, 5.66585, 5.99438, 6.32336]}

{'p': [0.85045, 0.88924, 0.91295, 0.92871, 0.94028, 0.95044, 0.95909, 0.96602, 0.97199, 0.97685, 0.9812], 'f': [0.90527, 0.97259, 0.98328, 0.98663, 0.98921, 0.99128, 0.99325, 0.9946, 0.99561, 0.99636, 0.99713], 'j': [0.0, 0.0, 0.0, 0.0, 0.0, 0.0, 0.0, 0.0, 0.0, 0.0, 0.0], 's': [0.85199, 0.95563, 0.96519, 0.9712, 0.97643, 0.98044, 0.98379, 0.98691, 0.98932, 0.9913, 0.99293], 't': [0.0, 0.0, 0.0, 0.0, 0.0, 0.0, 0.0, 0.0, 0.0, 0.0, 0.0], 'total': [1.0, 1.0, 1.0, 1.0, 1.0, 1.0, 1.0, 1.0, 1.0, 1.0, 1.0]}

{'p': [0.4531, 0.51991, 0.58319, 0.63878, 0.68742, 0.72986, 0.76702, 0.79911, 0.82733, 0.85303, 0.87423], 'f': [0.55961, 0.69002, 0.7679, 0.81285, 0.84684, 0.87493, 0.89793, 0.91623, 0.93221, 0.9453, 0.95589], 'j': [0.0, 0.0, 0.0, 0.0, 0.0, 0.0, 0.0, 0.0, 0.0, 0.0, 0.0], 's': [0.4517, 0.65892, 0.74132, 0.7814, 0.8129, 0.84173, 0.86503, 0.88565, 0.9032, 0.91863, 0.93165], 't': [0.0, 0.0, 0.0, 0.0, 0.0, 0.0, 0.0, 0.0, 0.0, 0.0, 0.0], 'total': [1.0, 1.0, 1.0, 1.0, 1.0, 1.0, 1.0, 1.0, 1.0, 1.0, 1.0]}

highwayman: [0.16449, 0.35073, 0.47462, 0.55909, 0.62952, 0.69163, 0.74395, 0.78856, 0.82657, 0.85834, 0.88402]
full influence: [0.1565, 0.34258, 0.46372, 0.54475, 0.61416, 0.67547, 0.72784, 0.77262, 0.81117, 0.84414, 0.87085]